8147236
9057919
1269868
9133758
6323592
975404
2784982
5468815
9575068
9648885
1576130
9705927
9571669
4853756
8002804
1418863
4217612
9157355
7922073
9594924
6557406
357116
8491293
9339932
6787351
7577401
7431324
3922270
6554778
1711866
7060460
318328
2769229
461713
971317
8234578
6948286
3170994
9502220
344460
4387443
3815584
7655167
7951999
1868726
4897643
4455862
6463130
7093648
7546866
2760250
6797026
6550980
1626117
1189976
4983640
9597439
3403857
5852677
2238119
7512670
2550951
5059570
6990767
8909032
9592914
5472155
1386244
1492940
2575082
8407172
2542821
8142848
2435249
9292636
3499837
1965952
2510838
6160446
4732888
3516595
8308286
5852640
5497236
9171936
2858390
7572002
7537290
3804458
5678216
758542
539501
5307975
7791672
9340106
1299062
5688236
4693906
119020
3371226
1621823
7942845
3112150
5285331
1656487
6019819
2629712
6540790
6892145
7481515
4505415
838213
2289769
9133373
1523780
8258169
5383424
9961347
781755
4426782
1066527
9618980
46342
7749104
8173032
8686947
844358
3997826
2598704
8000684
4314138
9106475
1818470
2638029
1455389
1360685
8692922
5797045
5498602
1449547
8530311
6220551
3509523
5132495
4018080
759666
2399161
1233189
1839077
2399525
4172670
496544
9027161
9447871
4908640
4892526
3377194
9000538
3692467
1112027
7802520
3897388
2416912
4039121
964545
1319732
9420505
9561345
5752085
597795
2347799
3531585
8211940
154034
430238
1689900
6491154
7317223
6477459
4509237
5470088
2963208
7446928
1889550
6867754
1835111
3684845
6256185
7802274
811257
9293859
7757126
4867916
4358585
4467837
3063494
5085086
5107715
8176277
7948314
6443181
3786093
8115804
5328255
3507271
9390015
8759428
5501563
6224750
5870447
2077422
3012463
4709233
2304881
8443087
1947642
2259217
1707080
2276642
4356986
3111022
9233796
4302073
1848163
9048809
9797483
4388699
1111192
2580646
4087198
5948960
2622117
6028430
7112157
2217467
1174176
2966758
3187783
4241667
5078582
855157
2624822
8010146
292202
9288541
7303308
4886089
5785250
2372835
4588488
9630885
5468057
5211358
2315943
4888977
6240600
6791355
3955152
3674366
9879820
377388
8851680
9132868
7961838
987122
2618711
3353568
6797279
1365531
7212274
1067618
6537573
4941739
7790517
7150370
9037205
8909225
3341630
6987458
1978098
305409
7440742
5000224
4799221
9047222
6098666
6176663
8594423
8054894
5767215
1829224
2399320
8865119
286741
4899013
1679271
9786806
7126944
5004716
4710883
596188
6819719
424311
714454
5216498
967300
8181485
8175470
7224395
1498654
6596052
5185949
9729745
6489914
8003305
4537977
4323915
8253137
834698
1331710
1733886
3909378
8313797
8033643
604711
3992577
5268758
4167994
6568598
6279733
2919840
4316511
154871
9840637
1671684
1062163
3724097
1981184
4896876
3394934
9516304
9203320
526769
7378580
2691194
4228356
5478709
9427369
4177441
9830524
3014549
7010987
6663388
5391264
6981055
6665279
1781324
1280143
9990803
1711210
326008
5611997
8818665
6691753
1904332
3689165
4607259
9816379
1564049
8555228
6447645
3762722
1909236
4282529
4820220
1206116
5895074
2261876
3846191
5829863
2518061
2904406
6170908
2652809
8243762
9826633
7302487
3438770
5840693
1077690
9063081
8796537
8177605
2607279
5943562
225125
4252593
3127188
1614847
1787661
4228856
942293
5985236
4709242
6959493
6998878
6385307
336038
688060
3195997
5308642
6544457
4076191
8199812
7183589
9686493
5313339
3251456
1056292
6109586
7788022
4234529
908232
2664714
1536567
2810053
4400851
5271427
4574243
8753715
5180521
9436226
6377090
9576939
2407070
6761223
2890645
6718081
6951404
679927
2547901
2240400
6678327
8443921
3444624
7805196
6753320
67153
6021704
3867711
9159912
11510
4624491
4243490
4609163
7701597
3224718
7847392
4713571
357627
1758744
7217580
4734859
1527212
3411246
6073892
1917452
7384268
2428495
9174243
2690615
7655000
1886619
2874981
911134
5762093
6833632
5465931
4257288
6444427
6476176
6790167
6357867
9451741
2089349
7092817
2362305
1193962
6073039
4501376
4587254
6619447
7702855
3502180
6620095
4161585
8419291
8329168
2564409
6134607
